1000
0 0 0
0.001 0.0179822 0.00895021
0.002 0.0268243 0.0178014
0.003 0.0355684 0.0265546
0.004 0.0442154 0.0352107
0.005 0.0527663 0.0437708
0.006 0.0612222 0.0522357
0.007 0.0695838 0.0606065
0.008 0.0778522 0.068884
0.009 0.0860283 0.0770692
0.01 0.094113 0.085163
0.011 0.102107 0.0931664
0.012 0.110012 0.10108
0.013 0.117828 0.108905
0.014 0.125556 0.116642
0.015 0.133197 0.124293
0.016 0.140752 0.131857
0.017 0.148222 0.139336
0.018 0.155608 0.146731
0.019 0.16291 0.154042
0.02 0.170129 0.16127
0.021 0.177267 0.168417
0.022 0.184323 0.175482
0.023 0.191299 0.182467
0.024 0.198196 0.189373
0.025 0.205014 0.1962
0.026 0.211754 0.20295
0.027 0.218417 0.209622
0.028 0.225004 0.216218
0.029 0.231515 0.222738
0.03 0.237951 0.229183
0.031 0.244313 0.235554
0.032 0.250602 0.241852
0.033 0.256818 0.248078
0.034 0.262963 0.254231
0.035 0.269036 0.260313
0.036 0.275039 0.266325
0.037 0.280972 0.272267
0.038 0.286836 0.27814
0.039 0.292631 0.283945
0.04 0.298359 0.289682
0.041 0.30402 0.295352
0.042 0.309614 0.300955
0.043 0.315143 0.306493
0.044 0.320606 0.311966
0.045 0.326005 0.317374
0.046 0.331341 0.322718
0.047 0.336613 0.328
0.048 0.341823 0.333219
0.049 0.346971 0.338376
0.05 0.352058 0.343472
0.051 0.357084 0.348507
0.052 0.36205 0.353482
0.053 0.366956 0.358397
0.054 0.371804 0.363254
0.055 0.376593 0.368053
0.056 0.381325 0.372793
0.057 0.386 0.377477
0.058 0.390618 0.382104
0.059 0.39518 0.386675
0.06 0.399686 0.391191
0.061 0.404138 0.395652
0.062 0.408536 0.400058
0.063 0.412879 0.404411
0.064 0.41717 0.40871
0.065 0.421407 0.412957
0.066 0.425593 0.417152
0.067 0.429726 0.421294
0.068 0.433809 0.425386
0.069 0.437841 0.429427
0.07 0.441822 0.433418
0.071 0.445755 0.437359
0.072 0.449637 0.441251
0.073 0.453472 0.445094
0.074 0.457258 0.448889
0.075 0.460996 0.452637
0.076 0.464687 0.456337
0.077 0.468332 0.45999
0.078 0.47193 0.463598
0.079 0.475482 0.467159
0.08 0.478989 0.470675
0.081 0.48245 0.474146
0.082 0.485868 0.477572
0.083 0.489241 0.480954
0.084 0.492571 0.484293
0.085 0.495857 0.487589
0.086 0.499101 0.490842
0.087 0.502303 0.494052
0.088 0.505462 0.497221
0.089 0.508581 0.500348
0.09 0.511658 0.503434
0.091 0.514694 0.50648
0.092 0.51769 0.509485
0.093 0.520647 0.512451
0.094 0.523563 0.515376
0.095 0.526441 0.518263
0.096 0.52928 0.521111
0.097 0.532081 0.523921
0.098 0.534844 0.526693
0.099 0.537569 0.529428
0.1 0.540258 0.532125
0.101 0.542909 0.534786
0.102 0.545524 0.53741
0.103 0.548103 0.539998
0.104 0.550646 0.54255
0.105 0.553154 0.545067
0.106 0.555627 0.547549
0.107 0.558065 0.549996
0.108 0.560469 0.552409
0.109 0.562839 0.554788
0.11 0.565176 0.557134
0.111 0.567479 0.559446
0.112 0.569749 0.561725
0.113 0.571987 0.563972
0.114 0.574192 0.566186
0.115 0.576365 0.568368
0.116 0.578507 0.570519
0.117 0.580617 0.572638
0.118 0.582696 0.574727
0.119 0.584745 0.576784
0.12 0.586763 0.578811
0.121 0.58875 0.580808
0.122 0.590709 0.582775
0.123 0.592637 0.584713
0.124 0.594537 0.586621
0.125 0.596407 0.588501
0.126 0.598249 0.590352
0.127 0.600062 0.592174
0.128 0.601847 0.593969
0.129 0.603605 0.595735
0.13 0.605335 0.597474
0.131 0.607038 0.599186
0.132 0.608713 0.600871
0.133 0.610362 0.602529
0.134 0.611985 0.60416
0.135 0.613581 0.605766
0.136 0.615152 0.607345
0.137 0.616697 0.608899
0.138 0.618216 0.610428
0.139 0.61971 0.611931
0.14 0.62118 0.613409
0.141 0.622624 0.614863
0.142 0.624045 0.616292
0.143 0.625441 0.617698
0.144 0.626813 0.619079
0.145 0.628161 0.620436
0.146 0.629486 0.62177
0.147 0.630788 0.623081
0.148 0.632067 0.624369
0.149 0.633323 0.625634
0.15 0.634556 0.626877
0.151 0.635768 0.628097
0.152 0.636957 0.629295
0.153 0.638124 0.630471
0.154 0.639269 0.631626
0.155 0.640394 0.632759
0.156 0.641496 0.633871
0.157 0.642578 0.634962
0.158 0.643639 0.636032
0.159 0.64468 0.637082
0.16 0.6457 0.638111
0.161 0.6467 0.63912
0.162 0.64768 0.640109
0.163 0.64864 0.641078
0.164 0.64958 0.642027
0.165 0.650502 0.642958
0.166 0.651403 0.643869
0.167 0.652286 0.644761
0.168 0.65315 0.645634
0.169 0.653996 0.646488
0.17 0.654823 0.647324
0.171 0.655632 0.648142
0.172 0.656422 0.648942
0.173 0.657195 0.649723
0.174 0.65795 0.650487
0.175 0.658687 0.651234
0.176 0.659408 0.651963
0.177 0.66011 0.652675
0.178 0.660796 0.65337
0.179 0.661465 0.654048
0.18 0.662118 0.654709
0.181 0.662753 0.655354
0.182 0.663373 0.655983
0.183 0.663976 0.656595
0.184 0.664563 0.657191
0.185 0.665134 0.657771
0.186 0.66569 0.658336
0.187 0.66623 0.658885
0.188 0.666754 0.659418
0.189 0.667264 0.659937
0.19 0.667758 0.66044
0.191 0.668237 0.660928
0.192 0.668701 0.661402
0.193 0.669151 0.661861
0.194 0.669586 0.662305
0.195 0.670007 0.662735
0.196 0.670414 0.66315
0.197 0.670807 0.663552
0.198 0.671185 0.66394
0.199 0.67155 0.664314
0.2 0.671901 0.664674
0.201 0.672239 0.66502
0.202 0.672563 0.665354
0.203 0.672874 0.665674
0.204 0.673172 0.665981
0.205 0.673457 0.666274
0.206 0.673728 0.666555
0.207 0.673988 0.666824
0.208 0.674234 0.667079
0.209 0.674468 0.667322
0.21 0.67469 0.667553
0.211 0.674899 0.667772
0.212 0.675097 0.667978
0.213 0.675282 0.668172
0.214 0.675456 0.668355
0.215 0.675617 0.668526
0.216 0.675767 0.668685
0.217 0.675906 0.668832
0.218 0.676033 0.668968
0.219 0.676149 0.669093
0.22 0.676253 0.669207
0.221 0.676347 0.669309
0.222 0.676429 0.669401
0.223 0.676501 0.669482
0.224 0.676562 0.669552
0.225 0.676612 0.669611
0.226 0.676652 0.66966
0.227 0.676681 0.669698
0.228 0.6767 0.669726
0.229 0.676709 0.669744
0.23 0.676708 0.669752
0.231 0.676696 0.669749
0.232 0.676675 0.669737
0.233 0.676644 0.669715
0.234 0.676603 0.669683
0.235 0.676552 0.669642
0.236 0.676492 0.66959
0.237 0.676423 0.66953
0.238 0.676344 0.66946
0.239 0.676256 0.669381
0.24 0.676159 0.669293
0.241 0.676052 0.669196
0.242 0.675937 0.669089
0.243 0.675813 0.668974
0.244 0.67568 0.66885
0.245 0.675538 0.668718
0.246 0.675388 0.668576
0.247 0.675229 0.668426
0.248 0.675061 0.668268
0.249 0.674886 0.668101
0.25 0.674702 0.667926
0.251 0.674509 0.667743
0.252 0.674309 0.667552
0.253 0.674101 0.667352
0.254 0.673884 0.667145
0.255 0.67366 0.66693
0.256 0.673428 0.666707
0.257 0.673188 0.666476
0.258 0.672941 0.666238
0.259 0.672686 0.665992
0.26 0.672423 0.665738
0.261 0.672153 0.665477
0.262 0.671876 0.665209
0.263 0.671591 0.664933
0.264 0.671299 0.664651
0.265 0.671 0.664361
0.266 0.670694 0.664064
0.267 0.670381 0.66376
0.268 0.670062 0.663449
0.269 0.669735 0.663131
0.27 0.669401 0.662807
0.271 0.669061 0.662475
0.272 0.668714 0.662138
0.273 0.66836 0.661793
0.274 0.668 0.661442
0.275 0.667634 0.661085
0.276 0.667261 0.660721
0.277 0.666882 0.660351
0.278 0.666496 0.659974
0.279 0.666105 0.659591
0.28 0.665707 0.659203
0.281 0.665303 0.658808
0.282 0.664893 0.658407
0.283 0.664477 0.658
0.284 0.664055 0.657587
0.285 0.663628 0.657169
0.286 0.663194 0.656744
0.287 0.662755 0.656314
0.288 0.66231 0.655878
0.289 0.66186 0.655437
0.29 0.661404 0.65499
0.291 0.660942 0.654537
0.292 0.660475 0.65408
0.293 0.660003 0.653616
0.294 0.659525 0.653148
0.295 0.659042 0.652674
0.296 0.658554 0.652195
0.297 0.658061 0.65171
0.298 0.657562 0.651221
0.299 0.657059 0.650726
0.3 0.65655 0.650227
0.301 0.656036 0.649722
0.302 0.655518 0.649212
0.303 0.654994 0.648698
0.304 0.654466 0.648179
0.305 0.653933 0.647655
0.306 0.653395 0.647126
0.307 0.652853 0.646593
0.308 0.652306 0.646055
0.309 0.651754 0.645512
0.31 0.651198 0.644965
0.311 0.650637 0.644413
0.312 0.650072 0.643857
0.313 0.649502 0.643296
0.314 0.648928 0.642731
0.315 0.64835 0.642162
0.316 0.647767 0.641589
0.317 0.647181 0.641011
0.318 0.646589 0.640429
0.319 0.645994 0.639843
0.32 0.645395 0.639252
0.321 0.644792 0.638658
0.322 0.644184 0.63806
0.323 0.643573 0.637457
0.324 0.642957 0.636851
0.325 0.642338 0.636241
0.326 0.641715 0.635626
0.327 0.641088 0.635008
0.328 0.640457 0.634387
0.329 0.639822 0.633761
0.33 0.639184 0.633132
0.331 0.638542 0.632499
0.332 0.637896 0.631862
0.333 0.637247 0.631222
0.334 0.636594 0.630578
0.335 0.635938 0.629931
0.336 0.635278 0.62928
0.337 0.634615 0.628626
0.338 0.633948 0.627968
0.339 0.633278 0.627307
0.34 0.632604 0.626642
0.341 0.631927 0.625974
0.342 0.631247 0.625303
0.343 0.630563 0.624629
0.344 0.629877 0.623951
0.345 0.629187 0.62327
0.346 0.628494 0.622586
0.347 0.627797 0.621899
0.348 0.627098 0.621208
0.349 0.626396 0.620515
0.35 0.62569 0.619819
0.351 0.624982 0.619119
0.352 0.62427 0.618417
0.353 0.623556 0.617711
0.354 0.622838 0.617003
0.355 0.622118 0.616291
0.356 0.621395 0.615577
0.357 0.620669 0.61486
0.358 0.61994 0.614141
0.359 0.619208 0.613418
0.36 0.618474 0.612693
0.361 0.617737 0.611965
0.362 0.616997 0.611234
0.363 0.616254 0.6105
0.364 0.615509 0.609764
0.365 0.614761 0.609025
0.366 0.614011 0.608284
0.367 0.613258 0.60754
0.368 0.612503 0.606794
0.369 0.611745 0.606045
0.37 0.610984 0.605293
0.371 0.610221 0.604539
0.372 0.609456 0.603783
0.373 0.608688 0.603024
0.374 0.607918 0.602263
0.375 0.607145 0.601499
0.376 0.60637 0.600733
0.377 0.605593 0.599965
0.378 0.604813 0.599194
0.379 0.604031 0.598422
0.38 0.603247 0.597646
0.381 0.602461 0.596869
0.382 0.601672 0.59609
0.383 0.600881 0.595308
0.384 0.600088 0.594524
0.385 0.599293 0.593738
0.386 0.598496 0.59295
0.387 0.597696 0.592159
0.388 0.596895 0.591367
0.389 0.596092 0.590572
0.39 0.595286 0.589776
0.391 0.594478 0.588977
0.392 0.593669 0.588177
0.393 0.592857 0.587374
0.394 0.592044 0.58657
0.395 0.591228 0.585763
0.396 0.590411 0.584955
0.397 0.589592 0.584145
0.398 0.58877 0.583332
0.399 0.587947 0.582518
0.4 0.587122 0.581703
0.401 0.586296 0.580885
0.402 0.585467 0.580065
0.403 0.584637 0.579244
0.404 0.583805 0.578421
0.405 0.582971 0.577596
0.406 0.582135 0.576769
0.407 0.581298 0.575941
0.408 0.580459 0.575111
0.409 0.579618 0.574279
0.41 0.578775 0.573446
0.411 0.577931 0.572611
0.412 0.577086 0.571774
0.413 0.576238 0.570936
0.414 0.575389 0.570096
0.415 0.574539 0.569254
0.416 0.573687 0.568411
0.417 0.572833 0.567567
0.418 0.571978 0.56672
0.419 0.571121 0.565873
0.42 0.570263 0.565023
0.421 0.569403 0.564173
0.422 0.568542 0.563321
0.423 0.567679 0.562467
0.424 0.566815 0.561612
0.425 0.565949 0.560755
0.426 0.565082 0.559897
0.427 0.564213 0.559038
0.428 0.563344 0.558177
0.429 0.562472 0.557315
0.43 0.5616 0.556451
0.431 0.560726 0.555586
0.432 0.55985 0.55472
0.433 0.558974 0.553852
0.434 0.558096 0.552983
0.435 0.557217 0.552113
0.436 0.556336 0.551241
0.437 0.555454 0.550369
0.438 0.554571 0.549495
0.439 0.553687 0.548619
0.44 0.552801 0.547743
0.441 0.551914 0.546865
0.442 0.551026 0.545986
0.443 0.550137 0.545106
0.444 0.549247 0.544224
0.445 0.548355 0.543342
0.446 0.547462 0.542458
0.447 0.546568 0.541573
0.448 0.545673 0.540687
0.449 0.544777 0.5398
0.45 0.54388 0.538911
0.451 0.542981 0.538022
0.452 0.542082 0.537131
0.453 0.541181 0.53624
0.454 0.540279 0.535347
0.455 0.539376 0.534453
0.456 0.538473 0.533559
0.457 0.537568 0.532663
0.458 0.536662 0.531766
0.459 0.535755 0.530868
0.46 0.534847 0.529969
0.461 0.533938 0.529069
0.462 0.533028 0.528168
0.463 0.532117 0.527266
0.464 0.531205 0.526363
0.465 0.530292 0.52546
0.466 0.529378 0.524555
0.467 0.528463 0.523649
0.468 0.527548 0.522742
0.469 0.526631 0.521835
0.47 0.525714 0.520926
0.471 0.524795 0.520017
0.472 0.523876 0.519106
0.473 0.522955 0.518195
0.474 0.522034 0.517283
0.475 0.521112 0.51637
0.476 0.520189 0.515456
0.477 0.519265 0.514541
0.478 0.518341 0.513626
0.479 0.517415 0.512709
0.48 0.516489 0.511792
0.481 0.515562 0.510874
0.482 0.514634 0.509955
0.483 0.513705 0.509035
0.484 0.512776 0.508115
0.485 0.511846 0.507194
0.486 0.510914 0.506272
0.487 0.509983 0.505349
0.488 0.50905 0.504425
0.489 0.508117 0.503501
0.49 0.507182 0.502576
0.491 0.506248 0.50165
0.492 0.505312 0.500723
0.493 0.504376 0.499796
0.494 0.503438 0.498868
0.495 0.502501 0.497939
0.496 0.501562 0.49701
0.497 0.500623 0.496079
0.498 0.499683 0.495149
0.499 0.498742 0.494217
0.5 0.497801 0.493285
0.501 0.496859 0.492352
0.502 0.495917 0.491418
0.503 0.494973 0.490484
0.504 0.494029 0.489549
0.505 0.493085 0.488614
0.506 0.49214 0.487677
0.507 0.491194 0.486741
0.508 0.490247 0.485803
0.509 0.4893 0.484865
0.51 0.488353 0.483926
0.511 0.487404 0.482987
0.512 0.486455 0.482047
0.513 0.485506 0.481107
0.514 0.484556 0.480166
0.515 0.483605 0.479224
0.516 0.482654 0.478282
0.517 0.481702 0.477339
0.518 0.480749 0.476396
0.519 0.479796 0.475452
0.52 0.478843 0.474507
0.521 0.477889 0.473562
0.522 0.476934 0.472616
0.523 0.475979 0.47167
0.524 0.475023 0.470724
0.525 0.474067 0.469776
0.526 0.47311 0.468829
0.527 0.472153 0.46788
0.528 0.471195 0.466932
0.529 0.470237 0.465982
0.53 0.469278 0.465032
0.531 0.468319 0.464082
0.532 0.467359 0.463131
0.533 0.466398 0.46218
0.534 0.465438 0.461228
0.535 0.464476 0.460276
0.536 0.463515 0.459323
0.537 0.462552 0.45837
0.538 0.46159 0.457417
0.539 0.460627 0.456462
0.54 0.459663 0.455508
0.541 0.458699 0.454553
0.542 0.457735 0.453597
0.543 0.45677 0.452642
0.544 0.455804 0.451685
0.545 0.454838 0.450728
0.546 0.453872 0.449771
0.547 0.452905 0.448814
0.548 0.451938 0.447856
0.549 0.450971 0.446897
0.55 0.450003 0.445938
0.551 0.449035 0.444979
0.552 0.448066 0.444019
0.553 0.447097 0.443059
0.554 0.446127 0.442099
0.555 0.445157 0.441138
0.556 0.444187 0.440176
0.557 0.443216 0.439215
0.558 0.442245 0.438253
0.559 0.441274 0.43729
0.56 0.440302 0.436328
0.561 0.43933 0.435364
0.562 0.438357 0.434401
0.563 0.437384 0.433437
0.564 0.436411 0.432473
0.565 0.435437 0.431508
0.566 0.434463 0.430543
0.567 0.433489 0.429578
0.568 0.432514 0.428612
0.569 0.431539 0.427646
0.57 0.430564 0.42668
0.571 0.429588 0.425713
0.572 0.428612 0.424746
0.573 0.427636 0.423779
0.574 0.426659 0.422811
0.575 0.425682 0.421843
0.576 0.424705 0.420875
0.577 0.423727 0.419906
0.578 0.422749 0.418938
0.579 0.421771 0.417968
0.58 0.420793 0.416999
0.581 0.419814 0.416029
0.582 0.418835 0.415059
0.583 0.417855 0.414088
0.584 0.416875 0.413118
0.585 0.415895 0.412147
0.586 0.414915 0.411175
0.587 0.413934 0.410204
0.588 0.412953 0.409232
0.589 0.411972 0.40826
0.59 0.410991 0.407287
0.591 0.410009 0.406315
0.592 0.409027 0.405342
0.593 0.408045 0.404368
0.594 0.407062 0.403395
0.595 0.406079 0.402421
0.596 0.405096 0.401447
0.597 0.404113 0.400473
0.598 0.40313 0.399498
0.599 0.402146 0.398524
0.6 0.401162 0.397548
0.601 0.400177 0.396573
0.602 0.399193 0.395598
0.603 0.398208 0.394622
0.604 0.397223 0.393646
0.605 0.396238 0.39267
0.606 0.395252 0.391693
0.607 0.394266 0.390716
0.608 0.39328 0.389739
0.609 0.392294 0.388762
0.61 0.391308 0.387785
0.611 0.390321 0.386807
0.612 0.389334 0.385829
0.613 0.388347 0.384851
0.614 0.38736 0.383873
0.615 0.386372 0.382894
0.616 0.385384 0.381916
0.617 0.384396 0.380937
0.618 0.383408 0.379958
0.619 0.38242 0.378978
0.62 0.381431 0.377999
0.621 0.380442 0.377019
0.622 0.379453 0.376039
0.623 0.378464 0.375059
0.624 0.377475 0.374078
0.625 0.376485 0.373098
0.626 0.375495 0.372117
0.627 0.374505 0.371136
0.628 0.373515 0.370155
0.629 0.372525 0.369174
0.63 0.371534 0.368192
0.631 0.370544 0.367211
0.632 0.369553 0.366229
0.633 0.368562 0.365247
0.634 0.36757 0.364264
0.635 0.366579 0.363282
0.636 0.365587 0.3623
0.637 0.364596 0.361317
0.638 0.363604 0.360334
0.639 0.362612 0.359351
0.64 0.361619 0.358367
0.641 0.360627 0.357384
0.642 0.359634 0.3564
0.643 0.358641 0.355417
0.644 0.357649 0.354433
0.645 0.356655 0.353449
0.646 0.355662 0.352465
0.647 0.354669 0.35148
0.648 0.353675 0.350496
0.649 0.352681 0.349511
0.65 0.351688 0.348526
0.651 0.350694 0.347541
0.652 0.349699 0.346556
0.653 0.348705 0.345571
0.654 0.347711 0.344585
0.655 0.346716 0.3436
0.656 0.345721 0.342614
0.657 0.344726 0.341628
0.658 0.343731 0.340642
0.659 0.342736 0.339656
0.66 0.341741 0.33867
0.661 0.340745 0.337683
0.662 0.33975 0.336697
0.663 0.338754 0.33571
0.664 0.337758 0.334723
0.665 0.336762 0.333736
0.666 0.335766 0.332749
0.667 0.33477 0.331762
0.668 0.333773 0.330775
0.669 0.332777 0.329787
0.67 0.33178 0.3288
0.671 0.330784 0.327812
0.672 0.329787 0.326824
0.673 0.32879 0.325836
0.674 0.327793 0.324848
0.675 0.326795 0.32386
0.676 0.325798 0.322871
0.677 0.324801 0.321883
0.678 0.323803 0.320895
0.679 0.322805 0.319906
0.68 0.321808 0.318917
0.681 0.32081 0.317928
0.682 0.319812 0.316939
0.683 0.318814 0.31595
0.684 0.317815 0.314961
0.685 0.316817 0.313972
0.686 0.315819 0.312982
0.687 0.31482 0.311993
0.688 0.313821 0.311003
0.689 0.312823 0.310013
0.69 0.311824 0.309024
0.691 0.310825 0.308034
0.692 0.309826 0.307044
0.693 0.308827 0.306053
0.694 0.307827 0.305063
0.695 0.306828 0.304073
0.696 0.305828 0.303083
0.697 0.304829 0.302092
0.698 0.303829 0.301101
0.699 0.30283 0.300111
0.7 0.30183 0.29912
0.701 0.30083 0.298129
0.702 0.29983 0.297138
0.703 0.29883 0.296147
0.704 0.29783 0.295156
0.705 0.296829 0.294165
0.706 0.295829 0.293173
0.707 0.294828 0.292182
0.708 0.293828 0.29119
0.709 0.292827 0.290199
0.71 0.291827 0.289207
0.711 0.290826 0.288215
0.712 0.289825 0.287224
0.713 0.288824 0.286232
0.714 0.287823 0.28524
0.715 0.286822 0.284248
0.716 0.285821 0.283255
0.717 0.28482 0.282263
0.718 0.283818 0.281271
0.719 0.282817 0.280279
0.72 0.281815 0.279286
0.721 0.280814 0.278294
0.722 0.279812 0.277301
0.723 0.27881 0.276308
0.724 0.277809 0.275316
0.725 0.276807 0.274323
0.726 0.275805 0.27333
0.727 0.274803 0.272337
0.728 0.273801 0.271344
0.729 0.272799 0.270351
0.73 0.271796 0.269358
0.731 0.270794 0.268364
0.732 0.269792 0.267371
0.733 0.268789 0.266378
0.734 0.267787 0.265384
0.735 0.266784 0.264391
0.736 0.265782 0.263397
0.737 0.264779 0.262404
0.738 0.263776 0.26141
0.739 0.262774 0.260416
0.74 0.261771 0.259422
0.741 0.260768 0.258428
0.742 0.259765 0.257435
0.743 0.258762 0.256441
0.744 0.257759 0.255446
0.745 0.256756 0.254452
0.746 0.255753 0.253458
0.747 0.254749 0.252464
0.748 0.253746 0.25147
0.749 0.252743 0.250475
0.75 0.251739 0.249481
0.751 0.250736 0.248487
0.752 0.249732 0.247492
0.753 0.248729 0.246497
0.754 0.247725 0.245503
0.755 0.246721 0.244508
0.756 0.245717 0.243513
0.757 0.244714 0.242519
0.758 0.24371 0.241524
0.759 0.242706 0.240529
0.76 0.241702 0.239534
0.761 0.240698 0.238539
0.762 0.239694 0.237544
0.763 0.23869 0.236549
0.764 0.237686 0.235554
0.765 0.236681 0.234559
0.766 0.235677 0.233563
0.767 0.234673 0.232568
0.768 0.233668 0.231573
0.769 0.232664 0.230578
0.77 0.23166 0.229582
0.771 0.230655 0.228587
0.772 0.229651 0.227591
0.773 0.228646 0.226596
0.774 0.227641 0.2256
0.775 0.226637 0.224604
0.776 0.225632 0.223609
0.777 0.224627 0.222613
0.778 0.223623 0.221617
0.779 0.222618 0.220622
0.78 0.221613 0.219626
0.781 0.220608 0.21863
0.782 0.219603 0.217634
0.783 0.218598 0.216638
0.784 0.217593 0.215642
0.785 0.216588 0.214646
0.786 0.215583 0.21365
0.787 0.214578 0.212654
0.788 0.213572 0.211658
0.789 0.212567 0.210661
0.79 0.211562 0.209665
0.791 0.210557 0.208669
0.792 0.209551 0.207673
0.793 0.208546 0.206676
0.794 0.207541 0.20568
0.795 0.206535 0.204683
0.796 0.20553 0.203687
0.797 0.204524 0.202691
0.798 0.203519 0.201694
0.799 0.202513 0.200697
0.8 0.201507 0.199701
0.801 0.200502 0.198704
0.802 0.199496 0.197708
0.803 0.19849 0.196711
0.804 0.197485 0.195714
0.805 0.196479 0.194717
0.806 0.195473 0.193721
0.807 0.194467 0.192724
0.808 0.193461 0.191727
0.809 0.192455 0.19073
0.81 0.191449 0.189733
0.811 0.190443 0.188736
0.812 0.189437 0.187739
0.813 0.188431 0.186742
0.814 0.187425 0.185745
0.815 0.186419 0.184748
0.816 0.185413 0.183751
0.817 0.184407 0.182754
0.818 0.183401 0.181757
0.819 0.182395 0.18076
0.82 0.181388 0.179763
0.821 0.180382 0.178765
0.822 0.179376 0.177768
0.823 0.17837 0.176771
0.824 0.177363 0.175774
0.825 0.176357 0.174776
0.826 0.175351 0.173779
0.827 0.174344 0.172781
0.828 0.173338 0.171784
0.829 0.172331 0.170787
0.83 0.171325 0.169789
0.831 0.170318 0.168792
0.832 0.169312 0.167794
0.833 0.168305 0.166797
0.834 0.167299 0.165799
0.835 0.166292 0.164802
0.836 0.165285 0.163804
0.837 0.164279 0.162806
0.838 0.163272 0.161809
0.839 0.162265 0.160811
0.84 0.161259 0.159813
0.841 0.160252 0.158816
0.842 0.159245 0.157818
0.843 0.158238 0.15682
0.844 0.157231 0.155822
0.845 0.156225 0.154824
0.846 0.155218 0.153827
0.847 0.154211 0.152829
0.848 0.153204 0.151831
0.849 0.152197 0.150833
0.85 0.15119 0.149835
0.851 0.150183 0.148837
0.852 0.149176 0.147839
0.853 0.148169 0.146841
0.854 0.147162 0.145843
0.855 0.146155 0.144845
0.856 0.145148 0.143847
0.857 0.144141 0.142849
0.858 0.143134 0.141851
0.859 0.142127 0.140853
0.86 0.14112 0.139855
0.861 0.140112 0.138857
0.862 0.139105 0.137859
0.863 0.138098 0.136861
0.864 0.137091 0.135862
0.865 0.136084 0.134864
0.866 0.135076 0.133866
0.867 0.134069 0.132868
0.868 0.133062 0.131869
0.869 0.132054 0.130871
0.87 0.131047 0.129873
0.871 0.13004 0.128875
0.872 0.129032 0.127876
0.873 0.128025 0.126878
0.874 0.127018 0.12588
0.875 0.12601 0.124881
0.876 0.125003 0.123883
0.877 0.123996 0.122884
0.878 0.122988 0.121886
0.879 0.121981 0.120888
0.88 0.120973 0.119889
0.881 0.119966 0.118891
0.882 0.118958 0.117892
0.883 0.117951 0.116894
0.884 0.116943 0.115895
0.885 0.115936 0.114897
0.886 0.114928 0.113898
0.887 0.11392 0.1129
0.888 0.112913 0.111901
0.889 0.111905 0.110903
0.89 0.110898 0.109904
0.891 0.10989 0.108905
0.892 0.108882 0.107907
0.893 0.107875 0.106908
0.894 0.106867 0.10591
0.895 0.105859 0.104911
0.896 0.104852 0.103912
0.897 0.103844 0.102914
0.898 0.102836 0.101915
0.899 0.101828 0.100916
0.9 0.100821 0.0999175
0.901 0.099813 0.0989187
0.902 0.0988052 0.09792
0.903 0.0977974 0.0969212
0.904 0.0967896 0.0959225
0.905 0.0957818 0.0949237
0.906 0.094774 0.0939249
0.907 0.0937662 0.0929261
0.908 0.0927583 0.0919273
0.909 0.0917505 0.0909285
0.91 0.0907426 0.0899296
0.911 0.0897347 0.0889308
0.912 0.0887268 0.087932
0.913 0.0877189 0.0869331
0.914 0.086711 0.0859342
0.915 0.0857031 0.0849353
0.916 0.0846952 0.0839364
0.917 0.0836872 0.0829375
0.918 0.0826793 0.0819386
0.919 0.0816713 0.0809397
0.92 0.0806634 0.0799407
0.921 0.0796554 0.0789418
0.922 0.0786474 0.0779428
0.923 0.0776394 0.0769439
0.924 0.0766314 0.0759449
0.925 0.0756233 0.0749459
0.926 0.0746153 0.0739469
0.927 0.0736073 0.0729479
0.928 0.0725992 0.0719489
0.929 0.0715912 0.0709498
0.93 0.0705831 0.0699508
0.931 0.069575 0.0689518
0.932 0.0685669 0.0679527
0.933 0.0675588 0.0669536
0.934 0.0665507 0.0659546
0.935 0.0655426 0.0649555
0.936 0.0645345 0.0639564
0.937 0.0635264 0.0629573
0.938 0.0625182 0.0619582
0.939 0.0615101 0.0609591
0.94 0.0605019 0.05996
0.941 0.0594938 0.0589608
0.942 0.0584856 0.0579617
0.943 0.0574774 0.0569625
0.944 0.0564692 0.0559634
0.945 0.055461 0.0549642
0.946 0.0544528 0.053965
0.947 0.0534446 0.0529659
0.948 0.0524364 0.0519667
0.949 0.0514282 0.0509675
0.95 0.0504199 0.0499683
0.951 0.0494117 0.0489691
0.952 0.0484034 0.0479699
0.953 0.0473952 0.0469706
0.954 0.0463869 0.0459714
0.955 0.0453786 0.0449722
0.956 0.0443704 0.0439729
0.957 0.0433621 0.0429737
0.958 0.0423538 0.0419744
0.959 0.0413455 0.0409751
0.96 0.0403372 0.0399759
0.961 0.0393289 0.0389766
0.962 0.0383205 0.0379773
0.963 0.0373122 0.036978
0.964 0.0363039 0.0359787
0.965 0.0352955 0.0349794
0.966 0.0342872 0.0339801
0.967 0.0332788 0.0329808
0.968 0.0322705 0.0319814
0.969 0.0312621 0.0309821
0.97 0.0302537 0.0299828
0.971 0.0292454 0.0289834
0.972 0.028237 0.0279841
0.973 0.0272286 0.0269847
0.974 0.0262202 0.0259853
0.975 0.0252118 0.024986
0.976 0.0242034 0.0239866
0.977 0.023195 0.0229872
0.978 0.0221866 0.0219878
0.979 0.0211781 0.0209884
0.98 0.0201697 0.019989
0.981 0.0191613 0.0189896
0.982 0.0181528 0.0179902
0.983 0.0171444 0.0169908
0.984 0.0161359 0.0159914
0.985 0.0151275 0.014992
0.986 0.014119 0.0139925
0.987 0.0131105 0.0129931
0.988 0.0121021 0.0119937
0.989 0.0110936 0.0109942
0.99 0.0100851 0.00999477
0.991 0.00907661 0.00899532
0.992 0.00806812 0.00799586
0.993 0.00705962 0.00699639
0.994 0.00605112 0.00599692
0.995 0.00504261 0.00499745
0.996 0.0040341 0.00399797
0.997 0.00302558 0.00299848
0.998 0.00201706 0.00199899
0.999 0.00100853 0.000999498
1 0 0