1000
0.000998004 0.00893138 0.00893245
0.00199601 0.0177641 0.0177663
0.00299401 0.0264993 0.0265025
0.00399202 0.0351377 0.035142
0.00499002 0.0436805 0.0436858
0.00598802 0.0521285 0.0521349
0.00698603 0.0604827 0.0604902
0.00798403 0.068744 0.0687526
0.00898204 0.0769134 0.076923
0.00998004 0.0849917 0.0850024
0.010978 0.0929799 0.0929916
0.011976 0.100879 0.100892
0.0129741 0.108689 0.108703
0.0139721 0.116412 0.116427
0.0149701 0.124049 0.124065
0.0159681 0.1316 0.131617
0.0169661 0.139065 0.139084
0.0179641 0.146447 0.146466
0.0189621 0.153746 0.153766
0.0199601 0.160962 0.160983
0.0209581 0.168096 0.168119
0.0219561 0.17515 0.175174
0.0229541 0.182124 0.182149
0.0239521 0.189019 0.189044
0.0249501 0.195835 0.195862
0.0259481 0.202574 0.202601
0.0269461 0.209235 0.209264
0.0279441 0.215821 0.215851
0.0289421 0.222332 0.222362
0.0299401 0.228767 0.228799
0.0309381 0.23513 0.235162
0.0319361 0.241418 0.241452
0.0329341 0.247635 0.24767
0.0339321 0.25378 0.253816
0.0349301 0.259854 0.259891
0.0359281 0.265858 0.265896
0.0369261 0.271792 0.271831
0.0379242 0.277657 0.277697
0.0389222 0.283454 0.283495
0.0399202 0.289184 0.289226
0.0409182 0.294847 0.29489
0.0419162 0.300444 0.300488
0.0429142 0.305975 0.30602
0.0439122 0.311441 0.311488
0.0449102 0.316843 0.316891
0.0459082 0.322182 0.32223
0.0469062 0.327458 0.327507
0.0479042 0.332671 0.332721
0.0489022 0.337823 0.337874
0.0499002 0.342913 0.342966
0.0508982 0.347943 0.347997
0.0518962 0.352913 0.352968
0.0528942 0.357824 0.35788
0.0538922 0.362677 0.362734
0.0548902 0.367471 0.367529
0.0558882 0.372208 0.372266
0.0568862 0.376887 0.376947
0.0578842 0.381511 0.381571
0.0588822 0.386078 0.38614
0.0598802 0.39059 0.390653
0.0608782 0.395048 0.395112
0.0618762 0.399451 0.399516
0.0628743 0.403801 0.403867
0.0638723 0.408097 0.408164
0.0648703 0.412341 0.412409
0.0658683 0.416533 0.416602
0.0668663 0.420673 0.420743
0.0678643 0.424762 0.424834
0.0688623 0.428801 0.428874
0.0698603 0.43279 0.432863
0.0708583 0.436729 0.436804
0.0718563 0.440619 0.440695
0.0728543 0.444461 0.444537
0.0738523 0.448254 0.448332
0.0748503 0.452 0.452079
0.0758483 0.455699 0.455779
0.0768463 0.459351 0.459432
0.0778443 0.462957 0.463039
0.0788423 0.466518 0.4666
0.0798403 0.470033 0.470116
0.0808383 0.473503 0.473587
0.0818363 0.476929 0.477014
0.0828343 0.48031 0.480397
0.0838323 0.483649 0.483737
0.0848303 0.486944 0.487033
0.0858283 0.490197 0.490286
0.0868263 0.493407 0.493498
0.0878244 0.496576 0.496668
0.0888224 0.499703 0.499796
0.0898204 0.502789 0.502883
0.0908184 0.505835 0.50593
0.0918164 0.50884 0.508936
0.0928144 0.511806 0.511903
0.0938124 0.514733 0.51483
0.0948104 0.51762 0.517719
0.0958084 0.520469 0.520569
0.0968064 0.523279 0.52338
0.0978044 0.526052 0.526154
0.0988024 0.528787 0.52889
0.0998004 0.531486 0.53159
0.100798 0.534147 0.534252
0.101796 0.536772 0.536878
0.102794 0.539361 0.539469
0.103792 0.541915 0.542023
0.10479 0.544433 0.544542
0.105788 0.546917 0.547027
0.106786 0.549365 0.549477
0.107784 0.55178 0.551892
0.108782 0.554161 0.554274
0.10978 0.556508 0.556622
0.110778 0.558821 0.558937
0.111776 0.561102 0.561219
0.112774 0.563351 0.563468
0.113772 0.565567 0.565685
0.11477 0.567751 0.56787
0.115768 0.569904 0.570024
0.116766 0.572025 0.572146
0.117764 0.574115 0.574238
0.118762 0.576175 0.576298
0.11976 0.578204 0.578328
0.120758 0.580203 0.580329
0.121756 0.582173 0.582299
0.122754 0.584113 0.58424
0.123752 0.586023 0.586152
0.12475 0.587905 0.588035
0.125749 0.589758 0.589889
0.126747 0.591583 0.591715
0.127745 0.59338 0.593513
0.128743 0.595149 0.595283
0.129741 0.596891 0.597025
0.130739 0.598605 0.598741
0.131737 0.600293 0.600429
0.132735 0.601954 0.602091
0.133733 0.603588 0.603727
0.134731 0.605196 0.605336
0.135729 0.606779 0.606919
0.136727 0.608335 0.608477
0.137725 0.609867 0.610009
0.138723 0.611373 0.611516
0.139721 0.612854 0.612999
0.140719 0.614311 0.614456
0.141717 0.615743 0.61589
0.142715 0.617151 0.617299
0.143713 0.618536 0.618684
0.144711 0.619896 0.620046
0.145709 0.621233 0.621384
0.146707 0.622547 0.622699
0.147705 0.623838 0.623991
0.148703 0.625107 0.62526
0.149701 0.626352 0.626507
0.150699 0.627576 0.627731
0.151697 0.628777 0.628934
0.152695 0.629957 0.630114
0.153693 0.631115 0.631273
0.154691 0.632251 0.632411
0.155689 0.633366 0.633527
0.156687 0.634461 0.634622
0.157685 0.635534 0.635697
0.158683 0.636587 0.636751
0.159681 0.63762 0.637784
0.160679 0.638632 0.638798
0.161677 0.639624 0.639791
0.162675 0.640597 0.640765
0.163673 0.64155 0.641719
0.164671 0.642484 0.642653
0.165669 0.643398 0.643569
0.166667 0.644294 0.644465
0.167665 0.64517 0.645343
0.168663 0.646028 0.646202
0.169661 0.646868 0.647043
0.170659 0.647689 0.647865
0.171657 0.648492 0.648669
0.172655 0.649278 0.649456
0.173653 0.650045 0.650224
0.174651 0.650795 0.650975
0.175649 0.651528 0.651709
0.176647 0.652244 0.652425
0.177645 0.652942 0.653125
0.178643 0.653624 0.653808
0.179641 0.654289 0.654474
0.180639 0.654937 0.655123
0.181637 0.655569 0.655756
0.182635 0.656185 0.656373
0.183633 0.656785 0.656974
0.184631 0.657369 0.657559
0.185629 0.657937 0.658128
0.186627 0.65849 0.658682
0.187625 0.659027 0.65922
0.188623 0.659549 0.659743
0.189621 0.660056 0.660251
0.190619 0.660548 0.660744
0.191617 0.661025 0.661222
0.192615 0.661488 0.661686
0.193613 0.661936 0.662135
0.194611 0.662369 0.662569
0.195609 0.662789 0.66299
0.196607 0.663194 0.663396
0.197605 0.663585 0.663788
0.198603 0.663963 0.664167
0.199601 0.664327 0.664532
0.200599 0.664677 0.664883
0.201597 0.665014 0.665221
0.202595 0.665338 0.665546
0.203593 0.665648 0.665857
0.204591 0.665946 0.666156
0.205589 0.666231 0.666441
0.206587 0.666503 0.666714
0.207585 0.666762 0.666975
0.208583 0.667009 0.667222
0.209581 0.667243 0.667458
0.210579 0.667465 0.667681
0.211577 0.667675 0.667892
0.212575 0.667873 0.668091
0.213573 0.66806 0.668278
0.214571 0.668234 0.668454
0.215569 0.668397 0.668618
0.216567 0.668548 0.66877
0.217565 0.668688 0.668911
0.218563 0.668816 0.66904
0.219561 0.668934 0.669158
0.220559 0.66904 0.669266
0.221557 0.669135 0.669362
0.222555 0.669219 0.669447
0.223553 0.669293 0.669522
0.224551 0.669356 0.669586
0.225549 0.669408 0.669639
0.226547 0.66945 0.669682
0.227545 0.669482 0.669715
0.228543 0.669503 0.669737
0.229541 0.669515 0.669749
0.230539 0.669516 0.669752
0.231537 0.669507 0.669744
0.232535 0.669489 0.669726
0.233533 0.66946 0.669699
0.234531 0.669422 0.669662
0.235529 0.669375 0.669616
0.236527 0.669318 0.66956
0.237525 0.669252 0.669495
0.238523 0.669176 0.66942
0.239521 0.669092 0.669336
0.240519 0.668998 0.669244
0.241517 0.668895 0.669142
0.242515 0.668783 0.669031
0.243513 0.668663 0.668912
0.244511 0.668534 0.668784
0.245509 0.668396 0.668647
0.246507 0.66825 0.668501
0.247505 0.668095 0.668347
0.248503 0.667932 0.668185
0.249501 0.66776 0.668015
0.250499 0.66758 0.667836
0.251497 0.667392 0.667649
0.252495 0.667196 0.667454
0.253493 0.666993 0.667251
0.254491 0.666781 0.66704
0.255489 0.666561 0.666822
0.256487 0.666334 0.666595
0.257485 0.666099 0.666361
0.258483 0.665856 0.66612
0.259481 0.665606 0.665871
0.260479 0.665349 0.665614
0.261477 0.665084 0.66535
0.262475 0.664811 0.665079
0.263473 0.664532 0.664801
0.264471 0.664245 0.664515
0.265469 0.663952 0.664222
0.266467 0.663651 0.663923
0.267465 0.663344 0.663616
0.268463 0.663029 0.663303
0.269461 0.662708 0.662982
0.270459 0.66238 0.662656
0.271457 0.662045 0.662322
0.272455 0.661704 0.661982
0.273453 0.661356 0.661635
0.274451 0.661002 0.661282
0.275449 0.660641 0.660922
0.276447 0.660275 0.660556
0.277445 0.659901 0.660184
0.278443 0.659522 0.659805
0.279441 0.659136 0.659421
0.280439 0.658745 0.65903
0.281437 0.658347 0.658633
0.282435 0.657943 0.658231
0.283433 0.657533 0.657822
0.284431 0.657118 0.657407
0.285429 0.656697 0.656987
0.286427 0.65627 0.656561
0.287425 0.655837 0.65613
0.288423 0.655399 0.655692
0.289421 0.654955 0.655249
0.290419 0.654506 0.654801
0.291417 0.654051 0.654347
0.292415 0.65359 0.653888
0.293413 0.653125 0.653423
0.294411 0.652654 0.652953
0.295409 0.652178 0.652478
0.296407 0.651697 0.651998
0.297405 0.65121 0.651512
0.298403 0.650719 0.651022
0.299401 0.650222 0.650526
0.300399 0.64972 0.650026
0.301397 0.649214 0.64952
0.302395 0.648702 0.64901
0.303393 0.648186 0.648495
0.304391 0.647665 0.647974
0.305389 0.647139 0.64745
0.306387 0.646609 0.64692
0.307385 0.646074 0.646386
0.308383 0.645534 0.645847
0.309381 0.64499 0.645304
0.310379 0.644441 0.644756
0.311377 0.643888 0.644204
0.312375 0.64333 0.643647
0.313373 0.642768 0.643086
0.314371 0.642201 0.642521
0.315369 0.641631 0.641951
0.316367 0.641056 0.641377
0.317365 0.640476 0.640799
0.318363 0.639893 0.640216
0.319361 0.639306 0.63963
0.320359 0.638714 0.639039
0.321357 0.638118 0.638445
0.322355 0.637519 0.637846
0.323353 0.636915 0.637243
0.324351 0.636308 0.636637
0.325349 0.635696 0.636026
0.326347 0.635081 0.635412
0.327345 0.634462 0.634794
0.328343 0.633839 0.634172
0.329341 0.633213 0.633547
0.330339 0.632582 0.632917
0.331337 0.631948 0.632285
0.332335 0.631311 0.631648
0.333333 0.63067 0.631008
0.334331 0.630025 0.630364
0.335329 0.629377 0.629717
0.336327 0.628725 0.629066
0.337325 0.62807 0.628412
0.338323 0.627411 0.627754
0.339321 0.62675 0.627094
0.340319 0.626084 0.626429
0.341317 0.625416 0.625762
0.342315 0.624744 0.625091
0.343313 0.624069 0.624417
0.344311 0.62339 0.623739
0.345309 0.622709 0.623059
0.346307 0.622024 0.622375
0.347305 0.621336 0.621688
0.348303 0.620645 0.620998
0.349301 0.619951 0.620305
0.350299 0.619254 0.619609
0.351297 0.618555 0.61891
0.352295 0.617852 0.618208
0.353293 0.617146 0.617504
0.354291 0.616437 0.616796
0.355289 0.615725 0.616085
0.356287 0.615011 0.615372
0.357285 0.614293 0.614655
0.358283 0.613573 0.613936
0.359281 0.61285 0.613214
0.360279 0.612125 0.612489
0.361277 0.611396 0.611762
0.362275 0.610665 0.611032
0.363273 0.609931 0.610299
0.364271 0.609195 0.609564
0.365269 0.608456 0.608826
0.366267 0.607715 0.608085
0.367265 0.606971 0.607342
0.368263 0.606224 0.606597
0.369261 0.605475 0.605848
0.370259 0.604723 0.605098
0.371257 0.603969 0.604345
0.372255 0.603213 0.603589
0.373253 0.602454 0.602831
0.374251 0.601692 0.602071
0.37525 0.600929 0.601308
0.376248 0.600163 0.600543
0.377246 0.599394 0.599776
0.378244 0.598624 0.599006
0.379242 0.597851 0.598235
0.38024 0.597076 0.59746
0.381238 0.596299 0.596684
0.382236 0.595519 0.595906
0.383234 0.594737 0.595125
0.384232 0.593953 0.594342
0.38523 0.593167 0.593557
0.386228 0.592379 0.59277
0.387226 0.591589 0.591981
0.388224 0.590797 0.591189
0.389222 0.590002 0.590396
0.39022 0.589206 0.589601
0.391218 0.588408 0.588803
0.392216 0.587607 0.588004
0.393214 0.586805 0.587203
0.394212 0.586001 0.586399
0.39521 0.585194 0.585594
0.396208 0.584386 0.584787
0.397206 0.583576 0.583978
0.398204 0.582764 0.583167
0.399202 0.581951 0.582354
0.4002 0.581135 0.581539
0.401198 0.580318 0.580723
0.402196 0.579498 0.579905
0.403194 0.578677 0.579085
0.404192 0.577855 0.578263
0.40519 0.57703 0.577439
0.406188 0.576204 0.576614
0.407186 0.575376 0.575787
0.408184 0.574546 0.574958
0.409182 0.573715 0.574128
0.41018 0.572882 0.573296
0.411178 0.572047 0.572462
0.412176 0.571211 0.571627
0.413174 0.570373 0.57079
0.414172 0.569533 0.569952
0.41517 0.568692 0.569111
0.416168 0.56785 0.56827
0.417166 0.567005 0.567427
0.418164 0.56616 0.566582
0.419162 0.565312 0.565736
0.42016 0.564464 0.564888
0.421158 0.563613 0.564038
0.422156 0.562762 0.563188
0.423154 0.561908 0.562335
0.424152 0.561054 0.561482
0.42515 0.560198 0.560627
0.426148 0.55934 0.55977
0.427146 0.558481 0.558912
0.428144 0.557621 0.558053
0.429142 0.556759 0.557192
0.43014 0.555896 0.55633
0.431138 0.555032 0.555467
0.432136 0.554166 0.554602
0.433134 0.553299 0.553736
0.434132 0.552431 0.552869
0.43513 0.551561 0.552
0.436128 0.55069 0.55113
0.437126 0.549818 0.550259
0.438124 0.548944 0.549386
0.439122 0.54807 0.548513
0.44012 0.547194 0.547638
0.441118 0.546316 0.546761
0.442116 0.545438 0.545884
0.443114 0.544558 0.545005
0.444112 0.543678 0.544126
0.44511 0.542796 0.543245
0.446108 0.541913 0.542363
0.447106 0.541028 0.541479
0.448104 0.540143 0.540595
0.449102 0.539256 0.539709
0.4501 0.538369 0.538823
0.451098 0.53748 0.537935
0.452096 0.53659 0.537046
0.453094 0.535699 0.536156
0.454092 0.534807 0.535265
0.45509 0.533914 0.534373
0.456088 0.53302 0.53348
0.457086 0.532125 0.532586
0.458084 0.531229 0.531691
0.459082 0.530332 0.530794
0.46008 0.529433 0.529897
0.461078 0.528534 0.528999
0.462076 0.527634 0.5281
0.463074 0.526733 0.5272
0.464072 0.525831 0.526298
0.46507 0.524928 0.525396
0.466068 0.524024 0.524493
0.467066 0.523119 0.523589
0.468064 0.522213 0.522684
0.469062 0.521306 0.521778
0.47006 0.520398 0.520872
0.471058 0.519489 0.519964
0.472056 0.51858 0.519055
0.473054 0.517669 0.518146
0.474052 0.516758 0.517236
0.47505 0.515846 0.516324
0.476048 0.514933 0.515412
0.477046 0.514019 0.514499
0.478044 0.513104 0.513585
0.479042 0.512188 0.512671
0.48004 0.511272 0.511755
0.481038 0.510355 0.510839
0.482036 0.509437 0.509922
0.483034 0.508518 0.509004
0.484032 0.507598 0.508086
0.48503 0.506678 0.507166
0.486028 0.505756 0.506246
0.487026 0.504834 0.505325
0.488024 0.503912 0.504403
0.489022 0.502988 0.50348
0.49002 0.502064 0.502557
0.491018 0.501139 0.501633
0.492016 0.500213 0.500708
0.493014 0.499286 0.499783
0.494012 0.498359 0.498857
0.49501 0.497431 0.49793
0.496008 0.496503 0.497002
0.497006 0.495573 0.496074
0.498004 0.494643 0.495145
0.499002 0.493713 0.494215
0.5 0.492781 0.493285
0.500998 0.491849 0.492354
0.501996 0.490917 0.491422
0.502994 0.489983 0.49049
0.503992 0.489049 0.489557
0.50499 0.488115 0.488623
0.505988 0.487179 0.487689
0.506986 0.486243 0.486754
0.507984 0.485307 0.485818
0.508982 0.48437 0.484882
0.50998 0.483432 0.483945
0.510978 0.482494 0.483008
0.511976 0.481555 0.48207
0.512974 0.480615 0.481131
0.513972 0.479675 0.480192
0.51497 0.478734 0.479252
0.515968 0.477793 0.478312
0.516966 0.476851 0.477371
0.517964 0.475908 0.476429
0.518962 0.474965 0.475487
0.51996 0.474022 0.474545
0.520958 0.473078 0.473602
0.521956 0.472133 0.472658
0.522954 0.471188 0.471714
0.523952 0.470242 0.470769
0.52495 0.469296 0.469824
0.525948 0.468349 0.468878
0.526946 0.467401 0.467931
0.527944 0.466454 0.466985
0.528942 0.465505 0.466037
0.52994 0.464556 0.465089
0.530938 0.463607 0.464141
0.531936 0.462657 0.463192
0.532934 0.461707 0.462243
0.533932 0.460756 0.461293
0.53493 0.459805 0.460343
0.535928 0.458853 0.459392
0.536926 0.457901 0.458441
0.537924 0.456948 0.457489
0.538922 0.455995 0.456537
0.53992 0.455041 0.455584
0.540918 0.454087 0.454631
0.541916 0.453133 0.453678
0.542914 0.452178 0.452724
0.543912 0.451222 0.451769
0.54491 0.450267 0.450814
0.545908 0.44931 0.449859
0.546906 0.448354 0.448903
0.547904 0.447397 0.447947
0.548902 0.446439 0.446991
0.5499 0.445481 0.446034
0.550898 0.444523 0.445077
0.551896 0.443564 0.444119
0.552894 0.442605 0.443161
0.553892 0.441645 0.442202
0.55489 0.440686 0.441243
0.555888 0.439725 0.440284
0.556886 0.438765 0.439324
0.557884 0.437803 0.438364
0.558882 0.436842 0.437404
0.55988 0.43588 0.436443
0.560878 0.434918 0.435482
0.561876 0.433955 0.43452
0.562874 0.432993 0.433558
0.563872 0.432029 0.432596
0.56487 0.431066 0.431633
0.565868 0.430102 0.43067
0.566866 0.429137 0.429707
0.567864 0.428173 0.428743
0.568862 0.427208 0.427779
0.56986 0.426242 0.426815
0.570858 0.425277 0.42585
0.571856 0.424311 0.424885
0.572854 0.423344 0.42392
0.573852 0.422378 0.422954
0.57485 0.421411 0.421988
0.575848 0.420443 0.421022
0.576846 0.419476 0.420055
0.577844 0.418508 0.419088
0.578842 0.41754 0.418121
0.57984 0.416571 0.417154
0.580838 0.415602 0.416186
0.581836 0.414633 0.415218
0.582834 0.413664 0.414249
0.583832 0.412694 0.41328
0.58483 0.411724 0.412311
0.585828 0.410754 0.411342
0.586826 0.409783 0.410373
0.587824 0.408812 0.409403
0.588822 0.407841 0.408432
0.58982 0.40687 0.407462
0.590818 0.405898 0.406491
0.591816 0.404926 0.40552
0.592814 0.403954 0.404549
0.593812 0.402981 0.403578
0.59481 0.402009 0.402606
0.595808 0.401036 0.401634
0.596806 0.400062 0.400662
0.597804 0.399089 0.399689
0.598802 0.398115 0.398716
0.5998 0.397141 0.397743
0.600798 0.396167 0.39677
0.601796 0.395192 0.395796
0.602794 0.394217 0.394823
0.603792 0.393242 0.393848
0.60479 0.392267 0.392874
0.605788 0.391292 0.3919
0.606786 0.390316 0.390925
0.607784 0.38934 0.38995
0.608782 0.388364 0.388975
0.60978 0.387387 0.387999
0.610778 0.386411 0.387024
0.611776 0.385434 0.386048
0.612774 0.384457 0.385072
0.613772 0.38348 0.384096
0.61477 0.382502 0.383119
0.615768 0.381524 0.382142
0.616766 0.380546 0.381165
0.617764 0.379568 0.380188
0.618762 0.37859 0.379211
0.61976 0.377611 0.378233
0.620758 0.376633 0.377256
0.621756 0.375654 0.376278
0.622754 0.374675 0.375299
0.623752 0.373695 0.374321
0.62475 0.372716 0.373343
0.625749 0.371736 0.372364
0.626747 0.370756 0.371385
0.627745 0.369776 0.370406
0.628743 0.368796 0.369426
0.629741 0.367815 0.368447
0.630739 0.366834 0.367467
0.631737 0.365854 0.366487
0.632735 0.364873 0.365507
0.633733 0.363891 0.364527
0.634731 0.36291 0.363547
0.635729 0.361928 0.362566
0.636727 0.360947 0.361586
0.637725 0.359965 0.360605
0.638723 0.358983 0.359624
0.639721 0.358001 0.358642
0.640719 0.357018 0.357661
0.641717 0.356036 0.356679
0.642715 0.355053 0.355698
0.643713 0.35407 0.354716
0.644711 0.353087 0.353734
0.645709 0.352104 0.352751
0.646707 0.35112 0.351769
0.647705 0.350137 0.350786
0.648703 0.349153 0.349804
0.649701 0.348169 0.348821
0.650699 0.347185 0.347838
0.651697 0.346201 0.346855
0.652695 0.345217 0.345872
0.653693 0.344233 0.344888
0.654691 0.343248 0.343905
0.655689 0.342263 0.342921
0.656687 0.341278 0.341937
0.657685 0.340293 0.340953
0.658683 0.339308 0.339969
0.659681 0.338323 0.338985
0.660679 0.337338 0.338
0.661677 0.336352 0.337016
0.662675 0.335367 0.336031
0.663673 0.334381 0.335046
0.664671 0.333395 0.334061
0.665669 0.332409 0.333076
0.666667 0.331423 0.332091
0.667665 0.330436 0.331106
0.668663 0.32945 0.33012
0.669661 0.328463 0.329135
0.670659 0.327477 0.328149
0.671657 0.32649 0.327163
0.672655 0.325503 0.326177
0.673653 0.324516 0.325191
0.674651 0.323529 0.324205
0.675649 0.322541 0.323219
0.676647 0.321554 0.322232
0.677645 0.320566 0.321246
0.678643 0.319579 0.320259
0.679641 0.318591 0.319272
0.680639 0.317603 0.318285
0.681637 0.316615 0.317299
0.682635 0.315627 0.316311
0.683633 0.314639 0.315324
0.684631 0.313651 0.314337
0.685629 0.312662 0.31335
0.686627 0.311674 0.312362
0.687625 0.310685 0.311374
0.688623 0.309697 0.310387
0.689621 0.308708 0.309399
0.690619 0.307719 0.308411
0.691617 0.30673 0.307423
0.692615 0.305741 0.306435
0.693613 0.304752 0.305447
0.694611 0.303762 0.304458
0.695609 0.302773 0.30347
0.696607 0.301783 0.302481
0.697605 0.300794 0.301493
0.698603 0.299804 0.300504
0.699601 0.298814 0.299515
0.700599 0.297825 0.298527
0.701597 0.296835 0.297538
0.702595 0.295845 0.296549
0.703593 0.294854 0.295559
0.704591 0.293864 0.29457
0.705589 0.292874 0.293581
0.706587 0.291884 0.292591
0.707585 0.290893 0.291602
0.708583 0.289903 0.290612
0.709581 0.288912 0.289623
0.710579 0.287921 0.288633
0.711577 0.28693 0.287643
0.712575 0.285939 0.286653
0.713573 0.284949 0.285663
0.714571 0.283957 0.284673
0.715569 0.282966 0.283683
0.716567 0.281975 0.282693
0.717565 0.280984 0.281703
0.718563 0.279993 0.280712
0.719561 0.279001 0.279722
0.720559 0.27801 0.278731
0.721557 0.277018 0.277741
0.722555 0.276026 0.27675
0.723553 0.275035 0.275759
0.724551 0.274043 0.274769
0.725549 0.273051 0.273778
0.726547 0.272059 0.272787
0.727545 0.271067 0.271796
0.728543 0.270075 0.270805
0.729541 0.269083 0.269814
0.730539 0.268091 0.268822
0.731537 0.267098 0.267831
0.732535 0.266106 0.26684
0.733533 0.265114 0.265848
0.734531 0.264121 0.264857
0.735529 0.263129 0.263865
0.736527 0.262136 0.262874
0.737525 0.261143 0.261882
0.738523 0.260151 0.26089
0.739521 0.259158 0.259898
0.740519 0.258165 0.258907
0.741517 0.257172 0.257915
0.742515 0.256179 0.256923
0.743513 0.255186 0.255931
0.744511 0.254193 0.254939
0.745509 0.2532 0.253946
0.746507 0.252207 0.252954
0.747505 0.251213 0.251962
0.748503 0.25022 0.25097
0.749501 0.249227 0.249977
0.750499 0.248233 0.248985
0.751497 0.24724 0.247992
0.752495 0.246246 0.247
0.753493 0.245253 0.246007
0.754491 0.244259 0.245014
0.755489 0.243265 0.244022
0.756487 0.242272 0.243029
0.757485 0.241278 0.242036
0.758483 0.240284 0.241043
0.759481 0.23929 0.24005
0.760479 0.238296 0.239057
0.761477 0.237302 0.238064
0.762475 0.236308 0.237071
0.763473 0.235314 0.236078
0.764471 0.23432 0.235085
0.765469 0.233326 0.234092
0.766467 0.232331 0.233099
0.767465 0.231337 0.232105
0.768463 0.230343 0.231112
0.769461 0.229348 0.230119
0.770459 0.228354 0.229125
0.771457 0.227359 0.228132
0.772455 0.226365 0.227138
0.773453 0.22537 0.226145
0.774451 0.224376 0.225151
0.775449 0.223381 0.224157
0.776447 0.222386 0.223164
0.777445 0.221392 0.22217
0.778443 0.220397 0.221176
0.779441 0.219402 0.220182
0.780439 0.218407 0.219188
0.781437 0.217412 0.218194
0.782435 0.216417 0.217201
0.783433 0.215422 0.216207
0.784431 0.214427 0.215212
0.785429 0.213432 0.214218
0.786427 0.212437 0.213224
0.787425 0.211442 0.21223
0.788423 0.210447 0.211236
0.789421 0.209452 0.210242
0.790419 0.208457 0.209248
0.791417 0.207461 0.208253
0.792415 0.206466 0.207259
0.793413 0.205471 0.206265
0.794411 0.204475 0.20527
0.795409 0.20348 0.204276
0.796407 0.202484 0.203281
0.797405 0.201489 0.202287
0.798403 0.200493 0.201292
0.799401 0.199498 0.200298
0.800399 0.198502 0.199303
0.801397 0.197507 0.198308
0.802395 0.196511 0.197314
0.803393 0.195515 0.196319
0.804391 0.194519 0.195324
0.805389 0.193524 0.194329
0.806387 0.192528 0.193335
0.807385 0.191532 0.19234
0.808383 0.190536 0.191345
0.809381 0.18954 0.19035
0.810379 0.188544 0.189355
0.811377 0.187548 0.18836
0.812375 0.186553 0.187365
0.813373 0.185557 0.18637
0.814371 0.18456 0.185375
0.815369 0.183564 0.18438
0.816367 0.182568 0.183385
0.817365 0.181572 0.18239
0.818363 0.180576 0.181395
0.819361 0.17958 0.1804
0.820359 0.178584 0.179404
0.821357 0.177587 0.178409
0.822355 0.176591 0.177414
0.823353 0.175595 0.176418
0.824351 0.174599 0.175423
0.825349 0.173602 0.174428
0.826347 0.172606 0.173432
0.827345 0.17161 0.172437
0.828343 0.170613 0.171442
0.829341 0.169617 0.170446
0.830339 0.16862 0.169451
0.831337 0.167624 0.168455
0.832335 0.166627 0.16746
0.833333 0.165631 0.166464
0.834331 0.164634 0.165469
0.835329 0.163638 0.164473
0.836327 0.162641 0.163477
0.837325 0.161644 0.162482
0.838323 0.160648 0.161486
0.839321 0.159651 0.16049
0.840319 0.158654 0.159495
0.841317 0.157658 0.158499
0.842315 0.156661 0.157503
0.843313 0.155664 0.156507
0.844311 0.154667 0.155512
0.845309 0.15367 0.154516
0.846307 0.152674 0.15352
0.847305 0.151677 0.152524
0.848303 0.15068 0.151528
0.849301 0.149683 0.150532
0.850299 0.148686 0.149536
0.851297 0.147689 0.14854
0.852295 0.146692 0.147544
0.853293 0.145695 0.146548
0.854291 0.144698 0.145552
0.855289 0.143701 0.144556
0.856287 0.142704 0.14356
0.857285 0.141707 0.142564
0.858283 0.14071 0.141568
0.859281 0.139713 0.140572
0.860279 0.138716 0.139576
0.861277 0.137719 0.13858
0.862275 0.136722 0.137584
0.863273 0.135724 0.136588
0.864271 0.134727 0.135591
0.865269 0.13373 0.134595
0.866267 0.132733 0.133599
0.867265 0.131736 0.132603
0.868263 0.130738 0.131606
0.869261 0.129741 0.13061
0.870259 0.128744 0.129614
0.871257 0.127747 0.128618
0.872255 0.126749 0.127621
0.873253 0.125752 0.126625
0.874251 0.124755 0.125629
0.87525 0.123757 0.124632
0.876248 0.12276 0.123636
0.877246 0.121762 0.122639
0.878244 0.120765 0.121643
0.879242 0.119768 0.120647
0.88024 0.11877 0.11965
0.881238 0.117773 0.118654
0.882236 0.116775 0.117657
0.883234 0.115778 0.116661
0.884232 0.11478 0.115664
0.88523 0.113783 0.114668
0.886228 0.112785 0.113671
0.887226 0.111788 0.112675
0.888224 0.11079 0.111678
0.889222 0.109793 0.110681
0.89022 0.108795 0.109685
0.891218 0.107797 0.108688
0.892216 0.1068 0.107692
0.893214 0.105802 0.106695
0.894212 0.104805 0.105698
0.89521 0.103807 0.104702
0.896208 0.102809 0.103705
0.897206 0.101812 0.102708
0.898204 0.100814 0.101712
0.899202 0.0998161 0.100715
0.9002 0.0988184 0.0997181
0.901198 0.0978207 0.0987214
0.902196 0.096823 0.0977246
0.903194 0.0958252 0.0967279
0.904192 0.0948275 0.0957311
0.90519 0.0938297 0.0947343
0.906188 0.0928319 0.0937375
0.907186 0.0918341 0.0927407
0.908184 0.0908363 0.0917439
0.909182 0.0898385 0.0907471
0.91018 0.0888407 0.0897502
0.911178 0.0878428 0.0887534
0.912176 0.086845 0.0877565
0.913174 0.0858471 0.0867596
0.914172 0.0848492 0.0857627
0.91517 0.0838514 0.0847658
0.916168 0.0828535 0.0837689
0.917166 0.0818556 0.082772
0.918164 0.0808576 0.0817751
0.919162 0.0798597 0.0807782
0.92016 0.0788618 0.0797812
0.921158 0.0778638 0.0787843
0.922156 0.0768659 0.0777873
0.923154 0.0758679 0.0767903
0.924152 0.0748699 0.0757933
0.92515 0.073872 0.0747963
0.926148 0.072874 0.0737993
0.927146 0.071876 0.0728023
0.928144 0.0708779 0.0718053
0.929142 0.0698799 0.0708083
0.93014 0.0688819 0.0698112
0.931138 0.0678839 0.0688142
0.932136 0.0668858 0.0678171
0.933134 0.0658877 0.06682
0.934132 0.0648897 0.0658229
0.93513 0.0638916 0.0648259
0.936128 0.0628935 0.0638288
0.937126 0.0618954 0.0628317
0.938124 0.0608973 0.0618345
0.939122 0.0598992 0.0608374
0.94012 0.0589011 0.0598403
0.941118 0.057903 0.0588432
0.942116 0.0569048 0.057846
0.943114 0.0559067 0.0568489
0.944112 0.0549085 0.0558517
0.94511 0.0539104 0.0548545
0.946108 0.0529122 0.0538573
0.947106 0.051914 0.0528602
0.948104 0.0509159 0.051863
0.949102 0.0499177 0.0508658
0.9501 0.0489195 0.0498686
0.951098 0.0479213 0.0488713
0.952096 0.0469231 0.0478741
0.953094 0.0459248 0.0468769
0.954092 0.0449266 0.0458796
0.95509 0.0439284 0.0448824
0.956088 0.0429301 0.0438852
0.957086 0.0419319 0.0428879
0.958084 0.0409336 0.0418906
0.959082 0.0399354 0.0408934
0.96008 0.0389371 0.0398961
0.961078 0.0379388 0.0388988
0.962076 0.0369406 0.0379015
0.963074 0.0359423 0.0369042
0.964072 0.034944 0.0359069
0.96507 0.0339457 0.0349096
0.966068 0.0329474 0.0339123
0.967066 0.031949 0.0329149
0.968064 0.0309507 0.0319176
0.969062 0.0299524 0.0309203
0.97006 0.0289541 0.0299229
0.971058 0.0279557 0.0289256
0.972056 0.0269574 0.0279282
0.973054 0.025959 0.0269308
0.974052 0.0249607 0.0259335
0.97505 0.0239623 0.0249361
0.976048 0.0229639 0.0239387
0.977046 0.0219656 0.0229413
0.978044 0.0209672 0.0219439
0.979042 0.0199688 0.0209465
0.98004 0.0189704 0.0199491
0.981038 0.017972 0.0189517
0.982036 0.0169736 0.0179543
0.983034 0.0159752 0.0169569
0.984032 0.0149768 0.0159595
0.98503 0.0139784 0.014962
0.986028 0.01298 0.0139646
0.987026 0.0119815 0.0129672
0.988024 0.0109831 0.0119697
0.989022 0.00998466 0.0109723
0.99002 0.00898621 0.00997482
0.991018 0.00798776 0.00897736
0.992016 0.00698931 0.0079799
0.993014 0.00599085 0.00698243
0.994012 0.00499239 0.00598495
0.99501 0.00399392 0.00498747
0.996008 0.00299545 0.00398999
0.997006 0.00199697 0.0029925
0.998004 0.000998487 0.001995
